0.303700238466
0.320973455906
0.298232853413
0.302328318357
0.307152122259
0.285670369864
0.3174251616
0.301778793335
0.31845203042
0.299314558506
0.289809077978
0.302931725979
0.294044077396
0.307558894157
0.292437642813
0.308310747147
0.303345948458
0.314989179373
0.303046137094
0.300678610802
0.302521049976
0.308267474174
0.310164600611
0.306808531284
0.322474390268
0.307135611773
0.318973273039
0.293555825949
0.314709603786
0.305680066347
0.314833343029
0.312792897224
0.312593847513
0.309850722551
0.319176733494
0.302027881145
0.318100214005
0.299758195877
0.299140810966
0.319664716721
0.315458267927
0.312280803919
0.329931616783
0.309466481209
0.292824447155
0.316797852516
0.315130382776
0.317337423563
0.306072503328
0.299445301294
0.296305477619
0.310938924551
0.301729768515
0.286350756884
0.290727287531
0.304010719061
0.307949006557
0.308335661888
0.305222451687
0.314261376858
0.298717498779
0.287871688604
0.314268946648
0.299907296896
0.284617334604
0.321588993073
0.307843059301
0.295368432999
0.312696188688
0.307710409164
0.301858872175
0.297708034515
0.31478792429
0.282136678696
0.31532356143
0.30110424757
0.315846562386
0.30057990551
0.31269839406
0.305354773998
0.296133577824
0.304665386677
0.306510418653
0.293517053127
0.311758249998
0.315133422613
0.311368316412
0.303931832314
0.311458259821
0.30005967617
0.304860711098
0.317598938942
0.300042927265
0.294193565845
0.303639620543
0.289246469736
0.297881275415
0.301339536905
0.300767987967
0.324387580156
0.308266341686
0.309470504522
0.306323766708
0.302679300308
0.293475389481
0.305170178413
0.296273469925
0.312843829393
0.30945417285
0.300982713699
0.310936719179
0.306216329336
0.315153419971
0.296702027321
0.292959541082
0.306356966496
0.31255581975
0.312042355537
0.320045799017
0.314109534025
0.309821724892
0.290976107121
0.294431269169
0.306660979986
0.325924068689
0.311245024204
0.311043769121
0.323368370533
0.288341850042
0.313760191202
0.303419083357
0.313151806593
0.299536019564
0.314303845167
0.319040834904
0.329225331545
0.30379140377
0.30856180191
0.296096682549
0.285458296537
0.300179630518
0.310071200132
0.308021366596
0.293900132179
0.304043263197
0.302847951651
0.280838370323
0.310681521893
0.323101103306
0.297477930784
0.300173699856
0.274517208338
0.302919775248
0.315850436687
0.291474938393
0.307654976845
0.313732653856
0.301995337009
0.321856439114
0.317299008369
0.307928860188
0.298508107662
0.301347851753
0.304981708527
0.306634783745
0.317517220974
0.303365707397
0.30490860343
0.31326520443
0.292951732874
0.303596317768
0.291609376669
0.299798488617
0.296798378229
0.304198950529
0.30021032691
0.316892743111
0.318080693483
0.300375580788
0.292273133993
0.308806806803
0.308779686689
0.319704353809
0.306917160749
0.282698452473
0.301976829767
0.296029418707
0.309915542603
0.309635967016
0.28630065918
0.301647275686
0.310808509588
0.303466975689
0.311568856239
0.284207314253
0.310863345861
0.310712784529
0.318836778402
0.308616936207
0.302862346172
0.281933814287
0.321814477444
0.309018045664
0.316803246737
0.307329952717
0.300179183483
0.294087707996
0.319012582302
0.297868400812
0.294980406761
0.30236646533
0.310560375452
0.301449507475
0.304073303938
0.296121269464
0.297602266073
0.29746311903
0.29645678401
0.30125156045
0.303233504295
0.312701404095
0.284269779921
0.305161595345
0.308696269989
0.314880937338
0.286323279142
0.291962862015
0.315458923578
0.32038512826
0.298882544041
0.308492958546
0.295356243849
0.30913117528
0.31175839901
0.298328012228
0.307647615671
0.303234040737
0.33904761076
0.32000413537
0.308061510324
0.312192082405
0.293662548065
0.298807948828
0.283385127783
0.305762380362
0.330335736275
0.305902451277
0.310192674398
0.291783183813
0.287126392126
0.280726164579
0.288757145405
0.299531847239
0.314387261868
0.310128569603
0.311046659946
0.294975847006
0.303031504154
0.310521036386
0.311878710985
0.309078395367
0.310787677765
0.314483463764
0.300556778908
0.301223933697
0.300902366638
0.313631623983
0.315053880215
0.317121207714
0.309221178293
0.302533745766
0.318453043699
0.299229949713
0.322540611029
0.286630749702
0.315952122211
0.300356477499
0.319679230452
0.30932751298
0.312021493912
0.307838737965
0.322429031134
0.309758096933
0.297825455666
0.30689522624
0.305984705687
0.312961280346
0.314767539501
0.297845035791
0.308955132961
0.295021951199
0.306121975183
0.305289626122
0.304825752974
0.301768213511
0.301311820745
0.297046810389
0.320762991905
0.302209585905
0.305799782276
0.297369033098
0.294650584459
0.292337954044
0.323832601309
0.31107005477
0.294272691011
0.313152551651
0.318677276373
0.30838996172
0.299527436495
0.312557369471
0.300361543894
0.302130967379
0.315373688936
0.318425267935
0.316117972136
0.31049016118
0.308739989996
0.310385137796
0.3007363379
0.301021337509
0.307272672653
0.292856156826
0.290976852179
0.305502265692
0.299511879683
0.305110096931
0.305757164955
0.307961344719
0.296649336815
0.310978144407
0.296814322472
0.301614224911
0.296191126108
0.312551796436
0.300968378782
0.311617523432
0.312860101461
0.305001229048
0.306520164013
0.307954788208
0.298576682806
0.295263051987
0.298794656992
0.298370629549
0.30631929636
0.303825497627
0.29355943203
0.299692034721
0.306741029024
0.292542368174
0.297939330339
0.296751260757
0.307600080967
0.303308099508
0.290938675404
0.305318653584
0.304996103048
0.305675715208
0.306650131941
0.294700533152
0.30842217803
0.310692101717
0.314595252275
0.308120071888
0.308416366577
0.321965485811
0.281789302826
0.315529644489
0.292782992125
0.298577189445
0.285528004169
0.29808986187
0.302343010902
0.326565086842
0.303969621658
0.329095035791
0.298406541348
0.320687264204
0.318467140198
0.294854402542
0.31595659256
0.274008870125
0.297690957785
0.295128107071
0.268660783768
0.295331478119
0.307146579027
0.314919292927
0.3144723773
0.313434749842
0.283501565456
0.312594562769
0.289080291986
0.311440467834
0.305244982243
0.309861391783
0.312171578407
0.307344853878
0.299533158541
0.308360278606
0.310306549072
0.291271477938
0.291800528765
0.30732896924
0.302968084812
0.314057320356
0.298877477646
0.29375192523
0.306918263435
0.297243446112
0.309315472841
0.313447237015
0.29599827528
0.306659817696
0.29454100132
0.322993755341
0.315919786692
0.29892551899
0.29989144206
0.302154541016
0.288824766874
0.297504663467
0.310040652752
0.312970101833
0.303854435682
0.298464924097
0.301351517439
0.315024077892
0.296587586403
0.315925717354
0.292355060577
0.305737227201
0.296766847372
0.312193334103
0.300205856562
0.294302999973
0.295432627201
0.29807433486
0.314442157745
0.314463049173
0.303497165442
0.304934471846
0.293020933867
0.295436888933
0.337091386318
0.321385383606
0.300310492516
0.309356927872
0.302975177765
0.311127513647
0.301792740822
0.296944707632
0.309330821037
0.318537384272
0.31094828248
0.311121106148
0.311633527279
0.291637212038
0.305014967918
0.306755304337
0.3126501441
0.323303133249
0.29126110673
0.299462497234
0.314010441303
0.289117723703
0.297559738159
0.298502743244
0.304665714502
0.298272788525
0.309869676828
0.30105137825
0.30444175005
0.30742546916
0.294117242098
0.304592460394
0.302603214979
0.301601022482
0.31691506505
0.308566451073
0.315798133612
0.307872593403
0.300186425447
0.308092296124
0.302312076092
0.309902101755
0.299085825682
0.3209002316
0.311564981937
0.309131681919
0.3138499856
0.298252075911
0.305167555809
0.301164507866
0.299421578646
0.318811237812
0.312474727631
0.301746666431
0.326717555523
0.311021953821
0.306314408779
0.29298812151
0.303652644157
0.29166701436
0.301881194115
0.293673783541
0.306015849113
0.307560920715
0.280196547508
0.286695748568
0.300225108862
0.310987859964
0.30837097764
0.283622652292
0.302026480436
0.323835164309
0.304755806923
0.306683659554
0.304879307747
0.311969965696
0.294456064701
0.30072748661
0.305651634932
0.301899909973
0.289751768112
0.305196225643
0.304447412491
0.29086202383
0.319007128477
0.30080717802
0.292731791735
0.295222133398
0.307354390621
0.320701628923
0.312319934368
0.304177433252
0.308707416058
0.291388183832
0.301306784153
0.311214029789
0.31382098794
0.301114708185
0.314578801394
0.290308892727
0.308492213488
0.312528312206
0.304885745049
0.301362931728
0.314997971058
0.30332839489
0.300290286541
0.322186529636
0.30729329586
0.309599637985
0.320093750954
0.29278832674
0.316760867834
0.303479105234
0.315816670656
0.310997903347
0.303374499083
0.322945326567
0.313355118036
0.303035497665
0.316638559103
0.316244751215
0.317218989134
0.312615185976
0.293813616037
0.310203641653
0.302512347698
0.32032546401
0.310230076313
0.311448514462
0.311591267586
0.285823762417
0.305502414703
0.299706190825
0.314609199762
0.298391968012
0.296623945236
0.293636322021
0.292853981256
0.301203012466
0.304557055235
0.293002486229
0.296181201935
0.293341696262
0.303498387337
0.315198153257
0.300061404705
0.309918642044
0.288982361555
0.304310083389
0.310238718987
0.311967909336
0.300180315971
0.308215856552
0.32366707921
0.308096677065
0.298327565193
0.294014960527
0.335235804319
0.319523721933
0.313243865967
0.32531619072
0.311876833439
0.309733122587
0.304560959339
0.300859928131
0.301903396845
0.301554054022
0.302584767342
0.29447093606
0.320553004742
0.307054132223
0.298584610224
0.321935981512
0.299309968948
0.317098170519
0.294918805361
0.308090597391
0.312552183867
0.290453821421
0.301569551229
0.311425030231
0.313116908073
0.298589318991
0.306451767683
0.313378423452
0.292241662741
0.321854382753
0.30593329668
0.299248605967
0.306067407131
0.300391316414
0.293075352907
0.297993451357
0.314467698336
0.297654986382
0.317044913769
0.29847791791
0.323921918869
0.318045198917
0.302253514528
0.306701898575
0.312006831169
0.305798053741
0.304435402155
0.275247424841
0.319429814816
0.307318389416
0.334732234478
0.297473192215
0.302232891321
0.308498203754
0.304533421993
0.304934978485
0.306609600782
0.297202289104
0.292873829603
0.305439144373
0.299652248621
0.310052275658
0.316589683294
0.292347162962
0.291083216667
0.304285317659
0.293547838926
0.312602192163
0.305886507034
0.34319677949
0.302551388741
0.297863632441
0.3081561625
0.306660830975
0.308851897717
0.291099488735
0.31962993741
0.303874731064
0.289611190557
0.311166703701
0.287694394588
0.282788097858
0.310271680355
0.312259346247
0.303651571274
0.328368782997
0.295172899961
0.302445024252
0.286813229322
0.306102842093
0.306022763252
0.282464504242
0.30949613452
0.298449456692
0.313802689314
0.297378003597
0.302628964186
0.298283189535
0.31090977788
0.29732260108
0.299104690552
0.313908576965
0.286407858133
0.299600511789
0.292821079493
0.309882044792
0.307127594948
0.314411759377
0.303593844175
0.306985914707
0.305620521307
0.305590748787
0.299619108438
0.291210323572
0.314684063196
0.317686885595
0.296866804361
0.306681364775
0.293737113476
0.306399554014
0.317702263594
0.308393627405
0.313781201839
0.289184510708
0.330366641283
0.301093041897
0.308637291193
0.307502925396
0.296138942242
0.302307754755
0.308833181858
0.314338982105
0.297405987978
0.302961409092
0.305814534426
0.288951724768
0.309529542923
0.311748623848
0.301729410887
0.302785426378
0.301967233419
0.281543314457
0.311340630054
0.296071439981
0.300756156445
0.294131696224
0.300438523293
0.313718855381
0.287960827351
0.306088298559
0.313392579556
0.306168615818
0.310678988695
0.294787198305
0.303806960583
0.290510386229
0.299018651247
0.29329225421
0.317357629538
0.33163100481
0.303747594357
0.281950563192
0.306631237268
0.303493380547
0.302679866552
0.299275785685
0.312971234322
0.304845273495
0.292500585318
0.320214688778
0.315382301807
0.30200111866
0.310549467802
0.290387094021
0.301628679037
0.300320059061
0.310432314873
0.292851537466
0.293280184269
0.285538226366
0.292903363705
0.309420645237
0.309554606676
0.312150299549
0.310246676207
0.289235383272
0.30391767621
0.308714181185
0.307901799679
0.305004745722
0.308525472879
0.295462757349
0.301527351141
0.312809288502
0.29907989502
0.318484783173
0.291219353676
0.303622633219
0.296473503113
0.312596678734
0.316008865833
0.285983920097
0.304200768471
0.298258066177
0.307740300894
0.292965322733
0.303131133318
0.295092374086
0.305814236403
0.314566224813
0.313146322966
0.311276257038
0.303528010845
0.307968884706
0.308762460947
0.311508238316
0.287392616272
0.296542227268
0.302796363831
0.313437879086
0.308443546295
0.298203825951
0.32559081912
0.312399715185
0.287910759449
0.296669453382
0.323985278606
0.2954428792
0.292652666569
0.307686209679
0.303181320429
0.314839720726
0.303292185068
0.302234888077
0.309662044048
0.299582481384
0.292519032955
0.319499582052
0.272818237543
0.308069288731
0.305396586657
0.292551755905
0.299915492535
0.307397991419
0.305333584547
0.286202460527
0.300902992487
0.298876404762
0.298217117786
0.307859390974
0.307089626789
0.320072442293
0.302857547998
0.292403519154
0.303280830383
0.305406242609
0.298730969429
0.30014783144
0.307730078697
0.316706717014
0.287682980299
0.319074422121
0.326178312302
0.307401508093
0.289780914783
0.305408656597
0.285594344139
0.305341541767
0.29378259182
0.30252084136
0.310066252947
0.298540115356
0.32051128149
0.29488530755
0.310200214386
0.280534654856
0.305761516094
0.307786643505
0.291498571634
0.287910372019
0.286763340235
0.287583231926
0.307013392448
0.307019352913
0.295913875103
0.303320497274
0.292857289314
0.296000987291
0.288951873779
0.304188251495
0.294733792543
0.307215183973
0.299994766712
0.292023301125
0.29683765769
0.298107475042
0.299760848284
0.29149544239
0.307515114546
0.297776252031
0.314496099949
0.319694787264
0.308622419834
0.302637457848
0.304710745811
0.297307580709
0.29807600379
0.302132040262
0.311838895082
0.310675859451
0.296971052885
0.290347129107
0.319488286972
0.305112808943
0.316906571388
0.316325992346
0.300151765347
0.306746840477
0.297767817974
0.296276777983
0.31780692935
0.314161241055
0.31057959795
0.291622728109
0.307279348373
0.318152368069
0.314635932446
0.30575850606
0.315523177385
0.307796776295
0.304358065128
0.298116266727
0.305661648512
0.300034224987
0.327347010374
0.299662917852
0.309607535601
0.319890171289
0.288483738899
0.314422488213
0.31084895134
0.320986866951
0.297932744026
0.299799770117
0.306806862354
0.319004356861
0.314588516951
0.286309957504
0.312028706074
0.298911184072
0.318480283022
0.314761668444
0.317932993174
0.27955904603
0.303899616003
0.303603023291
0.300552666187
0.320538073778
0.311201751232
0.304409891367
0.295182436705
0.306741833687
0.289243429899
0.314450442791
0.284702539444
0.29237511754
0.297417223454
0.297902166843
0.313004791737
0.285705000162
0.293798238039
0.309578925371
0.298942953348
0.309205889702
0.319895029068
0.300234019756
0.298296391964
0.326894700527
0.288909733295
0.300423949957
0.291402608156
0.316104054451
0.317059636116
0.312946349382
0.308896839619
0.280679404736
0.312716066837
0.29885789752
0.300765633583
0.295165807009
0.320004761219
0.309967130423
0.304777026176
0.330077826977
0.326893746853
0.3075324893
0.299890607595
