0.0999215617776
0.0840934887528
0.0971309170127
0.0937889665365
0.104489907622
0.0939143821597
0.0814348682761
0.104493156075
0.101120568812
0.0911430343986
0.107168726623
0.0968335792422
0.0990759953856
0.0784559324384
0.103499047458
0.0948925465345
0.107135027647
0.100633189082
0.125111266971
0.0963370501995
0.106214784086
0.128973975778
0.0841921195388
0.0969094112515
0.0921929329634
0.093318246305
0.10013820976
0.0744175314903
0.108544923365
0.102564781904
0.0865425020456
0.0961811617017
0.0987093672156
0.0984741449356
0.088553994894
0.0863554105163
0.095918558538
0.0999562144279
0.0895936787128
0.0903309285641
0.102832838893
0.0950485765934
0.102176561952
0.107755698264
0.103031381965
0.108927421272
0.0983773767948
0.0931834354997
0.0834989622235
0.102370500565
0.0902962684631
0.103150263429
0.105330601335
0.100230038166
0.102574147284
0.0998488590121
0.0894689708948
0.0979545041919
0.113509364426
0.0957398638129
0.0784568488598
0.107502304018
0.0870152264833
0.0858252719045
0.0976786613464
0.0784471780062
0.0821948945522
0.10316580534
0.103644669056
0.106853798032
0.0735127553344
0.0908353999257
0.0900444239378
0.100087448955
0.091054096818
0.100149802864
0.0949809104204
0.0960768908262
0.0971827656031
0.0924271643162
0.0827585011721
0.105370633304
0.107479274273
0.0820034444332
0.0764367580414
0.0912953317165
0.096075065434
0.0969785302877
0.0909185186028
0.104686439037
0.0904087647796
0.0964348763227
0.103386200964
0.0879765301943
0.0942737236619
0.101641595364
0.0986254662275
0.102461732924
0.0925193876028
0.0863094106317
0.0872930884361
0.095176756382
0.117635764182
0.107778973877
0.0903492793441
0.0929546132684
0.0898686423898
0.092565253377
0.10047313571
0.0881533175707
0.100529886782
0.0824847891927
0.0971041470766
0.11101269722
0.0938348919153
0.11143206805
0.101143121719
0.0982182770967
0.113605439663
0.101984724402
0.121716618538
0.0860141515732
0.0912176519632
0.104691714048
0.0961335226893
0.085662573576
0.0955307111144
0.0934695154428
0.0969469323754
0.0890486761928
0.0924314782023
0.0940794274211
0.0850804150105
0.104547396302
0.106164991856
0.0965699478984
0.0923760384321
0.095671325922
0.102349601686
0.0837460160255
0.0857095718384
0.103744976223
0.0983769148588
0.0893658995628
0.0860700160265
0.0962350815535
0.0916359052062
0.100957542658
0.105418287218
0.0894485637546
0.085480876267
0.0938071906567
0.0989232212305
0.0937661603093
0.0886615440249
0.126239418983
0.0918415114284
0.0831842944026
0.0939954817295
0.0980940163136
0.0927074924111
0.105302318931
0.103242084384
0.0987794846296
0.094387806952
0.10523737967
0.0816982761025
0.0991852805018
0.111006528139
0.0821742191911
0.085992962122
0.0920054167509
0.101909771562
0.0980036333203
0.107495084405
0.0982079580426
0.087704628706
0.0806883946061
0.112583570182
0.0761680826545
0.0681331902742
0.0957309156656
0.115876622498
0.108398966491
0.100999832153
0.0846779868007
0.0919084399939
0.108876824379
0.073084205389
0.0940434262156
0.0844758599997
0.0920577570796
0.0858068689704
0.0919152349234
0.0940864086151
0.0990005508065
0.0820514783263
0.0933856591582
0.0989373847842
0.101490557194
0.0923884138465
0.0745522677898
0.0700219422579
0.0979565680027
0.0914646089077
0.092618316412
0.0985564962029
0.106576070189
0.0926144272089
0.0940128788352
0.113322921097
0.096350543201
0.0941433832049
0.0845507383347
0.0973900333047
0.0895083025098
0.0959342122078
0.101572878659
0.108957879245
0.122102506459
0.110889539123
0.0964223891497
0.0815032124519
0.0818875581026
0.110501937568
0.103211022913
0.0920922234654
0.0837412104011
0.0817003846169
0.102643869817
0.0897636115551
0.0914644896984
0.0936098098755
0.102827712893
0.114662066102
0.102763265371
0.0969002023339
0.0950091034174
0.09206135571
0.0932739153504
0.105110771954
0.0978804603219
0.0984621345997
0.10357683897
0.0942363739014
0.0787766799331
0.107028074563
0.109360814095
0.0916065573692
0.0978714376688
0.100976005197
0.0899596735835
0.104239784181
0.103881590068
0.0922282189131
0.0945054516196
0.112195618451
0.0921186059713
0.0841865167022
0.0930576324463
0.0898042693734
0.0860971137881
0.0944575592875
0.113925591111
0.0890544503927
0.0992543101311
0.109046168625
0.0983365401626
0.0967205613852
0.0976851955056
0.115979574621
0.110637761652
0.106221117079
0.0966256260872
0.100944146514
0.0968651548028
0.118246011436
0.100797958672
0.103046953678
0.115238495171
0.0939325690269
0.0940594747663
0.0873854458332
0.0874036103487
0.0838212147355
0.0931987464428
0.0917931646109
0.0905621945858
0.0924574360251
0.106811955571
0.1117483899
0.104009948671
0.115392513573
0.115991860628
0.102710239589
0.0758130773902
0.0848715528846
0.0908036902547
0.0839276537299
0.0995185375214
0.0880626812577
0.104433722794
0.0822946876287
0.0863645970821
0.115761831403
0.101084455848
0.101910039783
0.0865427777171
0.0918965041637
0.0934675559402
0.0846173688769
0.093523465097
0.0926018208265
0.0907926931977
0.0907065793872
0.0892883464694
0.0922343209386
0.0845501646399
0.0957173556089
0.119194351137
0.0985120534897
0.0885000377893
0.0982707068324
0.108959756792
0.0874421447515
0.0980893969536
0.103572532535
0.0897238999605
0.101702526212
0.084288738668
0.099793151021
0.0843592137098
0.0713656395674
0.0960077419877
0.100158765912
0.0920567959547
0.0870392993093
0.091737292707
0.100991040468
0.120868325233
0.0829024910927
0.0870442092419
0.094232596457
0.115236610174
0.0909236446023
0.104223273695
0.104514181614
0.0970233529806
0.103155702353
0.0932473689318
0.114205501974
0.0837965756655
0.112567663193
0.0944025367498
0.0939295217395
0.114621125162
0.0773381218314
0.108039371669
0.104946859181
0.0987569242716
0.0905275419354
0.0867708623409
0.0968460589647
0.0867448970675
0.0723788440228
0.0962460264564
0.0864780545235
0.0891421362758
0.0987364798784
0.09574329108
0.0847184956074
0.103533983231
0.0861757099628
0.0905779078603
0.101140603423
0.0812314078212
0.1037485376
0.0867520868778
0.104265108705
0.085309125483
0.107791244984
0.102160282433
0.0872882604599
0.101199328899
0.106919705868
0.096839517355
0.103109054267
0.097194224596
0.0906951054931
0.0850031301379
0.0993402004242
0.0882965475321
0.0866387411952
0.0902296900749
0.108502604067
0.0845260620117
0.0900804772973
0.0925180613995
0.107209794223
0.103656627238
0.103473253548
0.087042607367
0.107419997454
0.0990242958069
0.0930999666452
0.0934431776404
0.0976039022207
0.102771230042
0.108223259449
0.10527626425
0.0847825184464
0.0931019932032
0.109042935073
0.114243723452
0.115497119725
0.103476367891
0.0794300660491
0.103315249085
0.0708471611142
0.101969756186
0.107598245144
0.103363774717
0.0948099941015
0.0817093029618
0.116020210087
0.107494153082
0.0917859300971
0.102233104408
0.0959782749414
0.0950572863221
0.0908960327506
0.0935061350465
0.105952180922
0.105288952589
0.0902295261621
0.0808228477836
0.078342191875
0.106129296124
0.0918944329023
0.0911514088511
0.079450443387
0.0965039283037
0.101873241365
0.0879832580686
0.111877389252
0.109563931823
0.100636288524
0.0974044203758
0.0956050306559
0.0846113488078
0.0912414044142
0.106546983123
0.101246960461
0.0952792614698
0.0980410948396
0.0733013004065
0.0788438767195
0.103311605752
0.106060162187
0.0888791829348
0.0798896625638
0.0973799303174
0.0984444245696
0.0764802992344
0.0781772583723
0.0998086333275
0.0918726474047
0.0994421392679
0.0855913311243
0.0995688661933
0.0829800367355
0.0944872945547
0.104109153152
0.0907209217548
0.0927993431687
0.0859342813492
0.116396896541
0.0962932035327
0.103506371379
0.10242535919
0.0925761684775
0.0938265249133
0.107260234654
0.0990550294518
0.101644381881
0.0939345136285
0.110158890486
0.0982644930482
0.0844423621893
0.10950653255
0.102895975113
0.0925272330642
0.112255111337
0.0876827463508
0.0910115987062
0.0961278602481
0.0886127725244
0.0903202518821
0.094766870141
0.0902948752046
0.0927776992321
0.0950392559171
0.0942631885409
0.100995540619
0.0876457467675
0.0742867961526
0.116396352649
0.109092503786
0.0998463109136
0.0959337130189
0.0958765074611
0.0860664397478
0.108421698213
0.0914383679628
0.0937372222543
0.0963020399213
0.088108420372
0.0842228233814
0.107367828488
0.0999013781548
0.0970840826631
0.112617470324
0.0892674922943
0.0809140652418
0.0889084860682
0.0994151309133
0.0913420990109
0.111861750484
0.0876818969846
0.0864102244377
0.107898287475
0.0876157209277
0.0870735868812
0.103478372097
0.0854133442044
0.100253514946
0.0895274803042
0.103243052959
0.0922822132707
0.0996365174651
0.113391600549
0.0936957076192
0.0857763439417
0.0925084128976
0.0942796245217
0.0990074872971
0.112227730453
0.0922246351838
0.0858636423945
0.0838472545147
0.102419033647
0.0943596288562
0.0898228362203
0.0972921550274
0.0986126586795
0.0951624587178
0.0959066599607
0.0944856777787
0.0998196452856
0.10875915736
0.0979361757636
0.0882384628057
0.105965614319
0.0979993119836
0.109026364982
0.102732628584
0.106409914792
0.0846540555358
0.089632242918
0.090545296669
0.103235594928
0.107002496719
0.0980133637786
0.0988619551063
0.0752004086971
0.091221883893
0.10437297076
0.109414957464
0.0976117029786
0.0975056439638
0.0778992176056
0.0954232439399
0.0935134217143
0.0713998228312
0.106783516705
0.0951812192798
0.0743382647634
0.0767821669579
0.111823387444
0.107831090689
0.0875402837992
0.112581796944
0.108351491392
0.0913378372788
0.0996504351497
0.110140562057
0.116413205862
0.11196988076
0.105622716248
0.0977155864239
0.0909373685718
0.0959652066231
0.0853753313422
0.0776950493455
0.104348398745
0.0790664181113
0.0981829091907
0.0916909500957
0.0914799794555
0.106619983912
0.102204300463
0.111837297678
0.0811897963285
0.0976982414722
0.0954460501671
0.0964251160622
0.0818803459406
0.0855614170432
0.104654282331
0.0962203741074
0.0810502693057
0.0844241678715
0.0930763706565
0.088023096323
0.091559804976
0.0928049981594
0.116211242974
0.103000640869
0.0939950197935
0.093099296093
0.114263877273
0.0985878407955
0.0794874206185
0.0798801034689
0.0999404713511
0.0975150987506
0.0936098024249
0.0789380520582
0.105073809624
0.0931747406721
0.0879043117166
0.118326164782
0.106681764126
0.0835937485099
0.0929201617837
0.103535220027
0.0862453058362
0.110737450421
0.104921579361
0.082213960588
0.0945603996515
0.0908533111215
0.0849353447556
0.105664931238
0.0902612581849
0.0905858054757
0.104479148984
0.0953940600157
0.0891363993287
0.0751763880253
0.0926487967372
0.0951429903507
0.102938115597
0.0904693007469
0.0994761362672
0.109503746033
0.0935166031122
0.104604922235
0.0987018942833
0.0953824371099
0.0962214842439
0.102960541844
0.0935283303261
0.097364731133
0.117163419724
0.0967335700989
0.104805082083
0.121842034161
0.101526021957
0.0968680605292
0.0882016941905
0.104635320604
0.109300002456
0.0863319709897
0.0910162702203
0.0861353054643
0.0859578996897
0.10384631902
0.116511620581
0.100784130394
0.0935996174812
0.0846416950226
0.0977888479829
0.086976736784
0.0953136980534
0.10567831248
0.0828684419394
0.0911951139569
0.0827235132456
0.112072065473
0.0963303521276
0.0907504558563
0.0787753164768
0.0865863859653
0.0927217379212
0.100830577314
0.0827566236258
0.110888108611
0.087783113122
0.122937448323
0.0963563323021
0.0982954129577
0.0913323462009
0.100023269653
0.095660276711
0.101365305483
0.097911849618
0.0979518443346
0.0936736613512
0.099701218307
0.0963060110807
0.0888316482306
0.0862735956907
0.0961270853877
0.102275714278
0.0913039371371
0.0927707925439
0.10065074265
0.0870644673705
0.0783885866404
0.0810872614384
0.0953642949462
0.0887071639299
0.107616528869
0.0809021741152
0.091734521091
0.0987797006965
0.0991859957576
0.100874997675
0.102784387767
0.109947949648
0.0921260043979
0.0982672721148
0.0945046544075
0.094258479774
0.0930477678776
0.117600604892
0.11051479727
0.105021782219
0.0767631903291
0.0779910832644
0.0985750481486
0.094991594553
0.0900942459702
0.101731404662
0.115707688034
0.0996553525329
0.103954486549
0.0831403806806
0.0789149478078
0.105141296983
0.0917969495058
0.0837151557207
0.0968949869275
0.10509378463
0.107413381338
0.103031046689
0.0986935570836
0.0917381569743
0.0965575650334
0.0899767056108
0.0862448662519
0.0992105528712
0.0784462988377
0.107572562993
0.0904248803854
0.0817816108465
0.0998621061444
0.0956612676382
0.0990815907717
0.100759297609
0.0990794375539
0.0962941646576
0.098065264523
0.103275582194
0.0986930653453
0.10740647465
0.108616068959
0.0966414660215
0.113893643022
0.0987766012549
0.108558133245
0.111379034817
0.115488536656
0.0943375602365
0.0803462862968
0.0869997143745
0.113755203784
0.0875300988555
0.0914374813437
0.087077267468
0.0842847079039
0.0817747190595
0.107714474201
0.0831399410963
0.0926126241684
0.0869548618793
0.107782438397
0.0661378875375
0.0933367162943
0.0948699563742
0.0960174053907
0.106636993587
0.0970958322287
0.109102144837
0.102138355374
0.0926532298326
0.0971373021603
0.0895772278309
0.0991519391537
0.0943162366748
0.0851700082421
0.111286737025
0.0960489287972
0.0981054231524
0.0863971933722
0.0955021902919
0.0940534844995
0.0933759137988
0.10868306458
0.0965019240975
0.105635762215
0.0936269015074
0.0885220244527
0.0941479206085
0.10346865654
0.103428475559
0.0902367159724
0.103434041142
0.0762550905347
0.0924560278654
0.09781062603
0.124783270061
0.103168807924
0.0871021673083
0.0967058762908
0.0977215096354
0.113128431141
0.0911779999733
0.103150643408
0.0950892195106
0.0867732465267
0.109515674412
0.0996831208467
0.0989710763097
0.0908389016986
0.103638507426
0.0964818149805
0.0933165103197
0.111356444657
0.09721788764
0.102933600545
0.0962005108595
0.0919421687722
0.104727320373
0.0800202339888
0.0991713553667
0.0926122143865
0.0978527590632
0.105401426554
0.0991071388125
0.101018555462
0.0927115902305
0.0965020209551
0.112463012338
0.0952584892511
0.108469463885
0.111140735447
0.080588079989
0.0938326790929
0.0977108329535
0.0920890048146
0.0948450788856
0.0897941887379
0.0840739607811
0.0886226221919
0.110387459397
0.0736259892583
0.0907982513309
0.115691438317
0.0932928994298
0.100655205548
0.0870677307248
0.0911943912506
0.104718990624
0.112426094711
0.0933782681823
0.100668974221
0.0789569467306
0.0979447290301
0.0935653522611
0.114336304367
0.0744947269559
0.107496157289
0.102797776461
0.107326894999
0.0921357646585
0.104509040713
0.121277540922
0.101516544819
0.104814015329
0.0970572307706
0.103906795382
0.0954077318311
0.0895771756768
0.0966408699751
0.101591825485
0.106827974319
0.0919547006488
0.0915893539786
0.0957835167646
0.0941431224346
0.082960255444
0.0997777208686
0.0975885391235
0.10540150851
0.101660147309
0.104659564793
0.0997026190162
0.100799769163
0.0831036642194
0.0885100439191
0.114155478776
0.0813607126474
0.119722679257
0.0940371602774
0.0967013165355
0.102649219334
0.0879567787051
0.0799498558044
0.0857537761331
0.0918008163571
0.106717281044
0.0967879444361
0.101200006902
0.0958556085825
0.104986578226
0.10068038851
0.0894046500325
0.0957878082991
0.104070626199
0.0799497589469
0.0894155427814
0.0907244831324
0.10820697993
0.0831540599465
0.10580394417
0.111074134707
0.113875858486
0.0864626839757
0.104782164097
0.0986586585641
0.0948537811637
0.0892933681607
0.0899882018566
0.0951266586781
0.0967360287905
0.0857935845852
0.0942063257098
0.098698399961
0.0850743502378
0.101971313357
0.106337808073
0.097805172205
0.0827114582062
0.0916335955262
0.0965828374028
0.0802525579929
0.0852854698896
0.105374254286
0.0840295404196
0.0838387235999
0.0981252640486
0.0946746319532
0.0842312276363
0.0841801837087
0.100531883538
0.0969834253192
0.0990208387375
0.0819909498096
0.0928122401237
0.0999620035291
0.103118434548
0.102033175528
0.103972621262
0.086836270988
0.0769598558545
0.111450061202
0.100651979446
0.0732843130827
