0.18257330358
0.204156592488
0.193454787135
0.184068635106
0.18001267314
0.191496819258
0.20466555655
0.207735463977
0.202635064721
0.19531236589
0.202951863408
0.197212144732
0.194460317492
0.182740226388
0.192502900958
0.196457460523
0.195966079831
0.187422841787
0.190866872668
0.206694409251
0.196268990636
0.19808627665
0.198255747557
0.205501705408
0.200621053576
0.190837696195
0.185656026006
0.215476691723
0.201161205769
0.195581659675
0.201593399048
0.19021306932
0.193427756429
0.182029992342
0.207417085767
0.20294046402
0.191658586264
0.189664423466
0.189775526524
0.201380029321
0.200295686722
0.207426711917
0.197462826967
0.21182154119
0.194202274084
0.188778817654
0.181836932898
0.175713926554
0.194078743458
0.176057055593
0.172468543053
0.188985645771
0.185905322433
0.198072627187
0.196369692683
0.191591531038
0.194326668978
0.19368609786
0.21009530127
0.208052098751
0.185224145651
0.194012120366
0.198590233922
0.208900287747
0.187857493758
0.204571962357
0.204985722899
0.18952332437
0.194268271327
0.196200847626
0.209980025887
0.205967649817
0.199666649103
0.187573924661
0.175436928868
0.203626155853
0.183366209269
0.20155480504
0.20396950841
0.208148732781
0.20678421855
0.187596276402
0.190930098295
0.187609061599
0.198591604829
0.19390951097
0.18619479239
0.194329634309
0.211794257164
0.197307467461
0.213883668184
0.183623462915
0.214819654822
0.188683748245
0.204168528318
0.184828385711
0.204661548138
0.195027932525
0.202639967203
0.189626529813
0.192145287991
0.185975596309
0.212403818965
0.215501904488
0.186279162765
0.221988484263
0.193082675338
0.183727622032
0.196015134454
0.18557228148
0.210172563791
0.195606678724
0.172148615122
0.188597694039
0.197547614574
0.194686979055
0.205103322864
0.19453714788
0.206793189049
0.203017383814
0.199893280864
0.200589343905
0.177136078477
0.205633446574
0.191247478127
0.186160981655
0.198081344366
0.194480314851
0.193271964788
0.197620883584
0.195436283946
0.208171769977
0.191995695233
0.199564918876
0.20030580461
0.197098821402
0.208663657308
0.205019101501
0.207754135132
0.19705106318
0.203333735466
0.197331100702
0.186977267265
0.195354640484
0.1993830055
0.211677283049
0.185966700315
0.201483801007
0.196012273431
0.210198447108
0.191519528627
0.202755972743
0.203648999333
0.190302416682
0.194281235337
0.19795575738
0.21392634511
0.188366174698
0.200006008148
0.190225586295
0.198833316565
0.198214113712
0.195063427091
0.203344404697
0.207528337836
0.170698985457
0.194302454591
0.210295408964
0.199496418238
0.18676148355
0.204945519567
0.194041877985
0.197549372911
0.19743399322
0.199108242989
0.207009091973
0.196645498276
0.203363075852
0.178991258144
0.200158923864
0.179155021906
0.177037194371
0.203076556325
0.198839575052
0.183504402637
0.197438910604
0.19834446907
0.182614669204
0.176565408707
0.187200322747
0.190992698073
0.182485803962
0.188403472304
0.19708558917
0.179220378399
0.204554095864
0.209025084972
0.201797619462
0.184861540794
0.196248993278
0.196934640408
0.19563126564
0.206074282527
0.201176092029
0.202313482761
0.211828008294
0.193615064025
0.187882065773
0.191201925278
0.198280602694
0.203736931086
0.203661486506
0.19654661417
0.199643149972
0.19127446413
0.203891173005
0.195725247264
0.183454781771
0.178377732635
0.203669726849
0.209557622671
0.209124609828
0.182966426015
0.209896162152
0.194624811411
0.201540917158
0.180519729853
0.196839079261
0.199677556753
0.195271745324
0.209849566221
0.194478675723
0.207141578197
0.217611536384
0.205640926957
0.2060418576
0.200584664941
0.20322971046
0.213643267751
0.188105240464
0.219031825662
0.206414431334
0.196846738458
0.199237212539
0.208079978824
0.202853158116
0.213108375669
0.211353078485
0.204244017601
0.183420702815
0.191419526935
0.214230388403
0.197965785861
0.207502678037
0.221680164337
0.203144744039
0.197202757001
0.206245854497
0.189398944378
0.209439784288
0.21169629693
0.176784262061
0.188844621181
0.193817973137
0.186686873436
0.1933953017
0.192602038383
0.200640723109
0.200262874365
0.191590771079
0.204382762313
0.199750259519
0.208136081696
0.179927811027
0.208698362112
0.192446812987
0.180248305202
0.193918973207
0.196486979723
0.193598493934
0.213286355138
0.198773995042
0.182982414961
0.209267899394
0.203970432281
0.178647115827
0.171152427793
0.202443510294
0.193805634975
0.198666781187
0.19957074523
0.204202920198
0.201498642564
0.180967450142
0.197961986065
0.193857625127
0.20456327498
0.219204768538
0.192851647735
0.203159734607
0.194379195571
0.204861372709
0.198648586869
0.209834396839
0.214407518506
0.18368037045
0.20843924582
0.196723431349
0.202266305685
0.20259681344
0.196193620563
0.214942827821
0.200597807765
0.187357291579
0.210606232285
0.194094240665
0.198353856802
0.180083870888
0.18306055665
0.192943766713
0.202826365829
0.197367578745
0.201683431864
0.196814253926
0.199513733387
0.176014453173
0.199223399162
0.200426504016
0.202295407653
0.204794660211
0.187840893865
0.208931624889
0.18027587235
0.201102718711
0.201196417212
0.197201356292
0.212737426162
0.196748808026
0.191158369184
0.203001573682
0.197336137295
0.193596854806
0.191940829158
0.207128062844
0.208615943789
0.21409252286
0.19894477725
0.21021643281
0.198416247964
0.195050254464
0.192048415542
0.191385015845
0.202155217528
0.191019281745
0.204749003053
0.185811340809
0.191164538264
0.204578131437
0.223398268223
0.197051823139
0.192134723067
0.211604148149
0.186844885349
0.194572508335
0.179873853922
0.178532704711
0.202110603452
0.197944879532
0.184521555901
0.199986949563
0.182428225875
0.174414739013
0.199093639851
0.214107319713
0.202572852373
0.189859852195
0.204668074846
0.202880829573
0.197430476546
0.180144056678
0.193850427866
0.203787565231
0.191686198115
0.201741710305
0.18969501555
0.200952515006
0.189047247171
0.205693155527
0.204090952873
0.210911139846
0.188737496734
0.190070301294
0.190941557288
0.1995138973
0.195405289531
0.203313827515
0.200005188584
0.202210664749
0.178343817592
0.183670848608
0.216124102473
0.191103950143
0.189355090261
0.182679995894
0.199844062328
0.18027113378
0.196074143052
0.191775888205
0.196447432041
0.213807985187
0.194603309035
0.192129835486
0.18566095829
0.181468293071
0.191938057542
0.172881707549
0.196028634906
0.200015813112
0.188725650311
0.214354723692
0.185624629259
0.200676783919
0.181370764971
0.190209954977
0.198234394193
0.21313329041
0.220291122794
0.213370323181
0.212226510048
0.197688743472
0.198177114129
0.212128818035
0.201523646712
0.198659911752
0.192526981235
0.188481479883
0.209241226315
0.185339957476
0.179286584258
0.189348623157
0.196751520038
0.202506780624
0.188352823257
0.192910656333
0.188093796372
0.199641808867
0.197913229465
0.199627712369
0.201967939734
0.198544695973
0.194576114416
0.214051425457
0.212442189455
0.194124370813
0.204730659723
0.215084657073
0.199530780315
0.208956316113
0.198570728302
0.192607045174
0.194137424231
0.192588418722
0.192503631115
0.192031919956
0.189389780164
0.199256315827
0.186096161604
0.189412295818
0.191001325846
0.203092291951
0.200427278876
0.192691758275
0.193733885884
0.193788856268
0.195955604315
0.202434048057
0.187959581614
0.197446942329
0.19542478025
0.200976744294
0.190697908401
0.189426347613
0.207014650106
0.190548360348
0.193574652076
0.191833779216
0.218648225069
0.200569674373
0.197168439627
0.199735984206
0.210906997323
0.198208510876
0.17756024003
0.201399847865
0.209760889411
0.176611751318
0.18667460978
0.179880931973
0.203931376338
0.214142695069
0.188115954399
0.18995308876
0.184368118644
0.194476753473
0.203512489796
0.191672101617
0.191100597382
0.201885402203
0.187042087317
0.199977979064
0.209608405828
0.188439667225
0.20264326036
0.203700736165
0.194766551256
0.191037639976
0.200030580163
0.189536124468
0.188159003854
0.206359580159
0.196362525225
0.201978176832
0.194790780544
0.193064600229
0.2071801126
0.200620278716
0.209640771151
0.190573513508
0.198925539851
0.204341992736
0.190503001213
0.177137330174
0.19264793396
0.209420114756
0.186672180891
0.203471139073
0.186551660299
0.198575988412
0.198079362512
0.195494294167
0.196953862906
0.20510867238
0.205938026309
0.204937681556
0.202246457338
0.190851792693
0.189709424973
0.198659032583
0.186950922012
0.196329534054
0.211925461888
0.196411654353
0.195726662874
0.194358766079
0.197059199214
0.226273864508
0.196974858642
0.195715129375
0.197672605515
0.203299313784
0.199055790901
0.199676811695
0.197350025177
0.200160086155
0.202140152454
0.187313660979
0.193417266011
0.175674811006
0.199976876378
0.19248187542
0.208338424563
0.190382778645
0.208097234368
0.191581904888
0.199976205826
0.212497070432
0.203212842345
0.188678920269
0.193909272552
0.19921387732
0.183384656906
0.195501342416
0.182976543903
0.200933516026
0.206487283111
0.200076654553
0.209088027477
0.190800249577
0.193957522511
0.201029807329
0.18133674562
0.198044702411
0.202790662646
0.200525552034
0.200290754437
0.178500026464
0.201332286
0.198592051864
0.201894849539
0.191419094801
0.196417272091
0.196029379964
0.182179167867
0.193560495973
0.211460888386
0.205648422241
0.203564271331
0.205791547894
0.213399216533
0.211263805628
0.199390470982
0.18610329926
0.192473366857
0.197052493691
0.205668628216
0.190316513181
0.200767830014
0.186460956931
0.188461974263
0.198236003518
0.203427672386
0.201409518719
0.202533394098
0.202833533287
0.183513596654
0.210052326322
0.216490834951
0.185989007354
0.200901940465
0.20076854527
0.208997353911
0.212420284748
0.202372476459
0.216418981552
0.192817285657
0.195069342852
0.199477642775
0.200019881129
0.193885490298
0.214333176613
0.193703845143
0.182259723544
0.183161243796
0.204808264971
0.172607779503
0.199570551515
0.177134796977
0.191946968436
0.222833901644
0.18701775372
0.197373464704
0.188999339938
0.207640141249
0.1761136204
0.203090921044
0.195848912001
0.179272934794
0.204177126288
0.203154101968
0.192414462566
0.19943253696
0.182382807136
0.213053256273
0.203778132796
0.205150976777
0.203111857176
0.195015907288
0.192121967673
0.197988331318
0.190569251776
0.195657268167
0.198320403695
0.188813105226
0.204136326909
0.194452464581
0.215329065919
0.216987714171
0.195467472076
0.204878270626
0.184180662036
0.184074804187
0.203341335058
0.192738354206
0.20016631484
0.193913370371
0.18800881505
0.210412830114
0.180452778935
0.202270165086
0.204458341002
0.214523181319
0.200253367424
0.210584118962
0.201818451285
0.184345930815
0.184205800295
0.205067276955
0.185970768332
0.174551561475
0.193926557899
0.181879490614
0.213864207268
0.191961959004
0.191246286035
0.202479943633
0.18259049952
0.193823426962
0.199931934476
0.20314784348
0.184500843287
0.190400734544
0.191830351949
0.204844325781
0.207981824875
0.191182151437
0.195363074541
0.199620336294
0.187437385321
0.203586935997
0.202843099833
0.19507342577
0.200073033571
0.20314130187
0.205825790763
0.198595657945
0.193335026503
0.1960760355
0.195058599114
0.192001268268
0.206561043859
0.199440583587
0.192981213331
0.189059138298
0.195707350969
0.203589007258
0.216785371304
0.195332854986
0.200025364757
0.198383003473
0.201936796308
0.182728752494
0.208448261023
0.187732711434
0.18831525743
0.18549194932
0.185898631811
0.197246491909
0.180330142379
0.206501305103
0.191071495414
0.196755424142
0.193098023534
0.186672627926
0.189415559173
0.205904498696
0.196561649442
0.197332248092
0.198948502541
0.190281003714
0.204722315073
0.194214493036
0.193694368005
0.184184998274
0.184885159135
0.209198474884
0.201943069696
0.203200772405
0.18978716433
0.183780148625
0.195362150669
0.185103982687
0.192251905799
0.203019037843
0.194374263287
0.186389282346
0.192636549473
0.200856119394
0.18796107173
0.183758959174
0.193642199039
0.187841832638
0.201965466142
0.185937836766
0.1888230443
0.202369064093
0.203591644764
0.192843183875
0.192056879401
0.19866797328
0.186250120401
0.194535061717
0.196879565716
0.202560901642
0.202837571502
0.190798729658
0.186829864979
0.180400967598
0.196809977293
0.18992036581
0.214669436216
0.191069930792
0.203739121556
0.198073729873
0.20206682384
0.190052032471
0.188972994685
0.194815784693
0.191097944975
0.197085797787
0.212017402053
0.208344370127
0.201473847032
0.187085032463
0.203577801585
0.187360793352
0.195009753108
0.196100890636
0.193033784628
0.199849188328
0.193699806929
0.181571662426
0.198554366827
0.192970454693
0.210872009397
0.188372939825
0.194599062204
0.183007955551
0.212754249573
0.193237021565
0.193012773991
0.187974438071
0.184089004993
0.197319164872
0.190282255411
0.192390754819
0.173376560211
0.179670125246
0.196349039674
0.226479053497
0.19033806026
0.183611556888
0.200249612331
0.181803941727
0.192029088736
0.183521836996
0.191769331694
0.179872229695
0.182480618358
0.197475910187
0.191406562924
0.203315272927
0.200790315866
0.20137411356
0.186530008912
0.207994520664
0.185413986444
0.189372852445
0.191409423947
0.196287289262
0.209544464946
0.209602251649
0.203043967485
0.197230771184
0.195829361677
0.193991467357
0.188449382782
0.201001167297
0.190802142024
0.194893166423
0.191339120269
0.185543894768
0.211908012629
0.212189674377
0.191549390554
0.186186820269
0.194287285209
0.181888759136
0.194168657064
0.199787810445
0.20163680613
0.195090800524
0.196128174663
0.194241523743
0.214502379298
0.208186268806
0.196752309799
0.189153209329
0.200148880482
0.192865774035
0.172207131982
0.219410762191
0.206102102995
0.202190190554
0.184243693948
0.174188256264
0.201299309731
0.200259760022
0.18095138669
0.198396459222
0.192504003644
0.215931460261
0.213738426566
0.191831976175
0.196244254708
0.188310533762
0.208994135261
0.191384196281
0.190745517612
0.206510871649
0.186970353127
0.193114906549
0.20411041379
0.197213366628
0.198698624969
0.198566228151
0.184745594859
0.204999834299
0.199823588133
0.185769155622
0.174299165606
0.186478301883
0.174605667591
0.178231775761
0.193750634789
0.193352326751
0.185540944338
0.194461807609
0.205122292042
0.194609463215
0.185707107186
0.197388276458
0.205046623945
0.197415232658
0.193144455552
0.203994110227
0.195021733642
0.19417758286
0.195742413402
0.200397878885
0.193107113242
0.209239810705
0.185493007302
0.209021449089
0.200649708509
0.194046750665
0.196587592363
0.193056851625
0.189150840044
0.200170114636
0.212654083967
0.183862000704
0.202768728137
0.197330668569
0.197598531842
0.183105155826
0.199146479368
0.203956097364
0.189157307148
0.211341008544
0.20379665494
0.186998948455
0.201682969928
0.201821222901
0.199598044157
0.189929932356
0.200673401356
0.206512570381
0.192366421223
0.193007826805
0.196648851037
0.202193081379
0.200111344457
0.205666944385
0.201494187117
0.184949800372
0.20218282938
0.179685980082
0.193661212921
0.204385533929
0.191634371877
0.18999992311
0.202024385333
0.194844797254
0.199801325798
0.190170064569
0.193077236414
0.198873892426
0.206792965531
0.20503295958
0.199727341533
0.199602127075
0.186223700643
0.206273391843
0.185010358691
0.191574588418
0.206954166293
0.200090393424
0.201833710074
0.207511454821
0.19144628942
